1	0,005
2	0,024
3	0,054
4	0,082
5	0,111
6	0,139
7	0,168
8	0,195
9	0,224
10	0,252
11	0,28
12	0,308
13	0,335
14	0,362
15	0,39
16	0,417
17	0,445
18	0,471
19	0,498
20	0,523
21	0,551
22	0,577
23	0,602
24	0,628
25	0,653
26	0,677
27	0,701
28	0,725
29	0,748
30	0,771
31	0,794
32	0,817
33	0,839
34	0,861
35	0,882
36	0,904
37	0,925
38	0,946
39	0,968
40	0,987
41	1,008
42	1,027
43	1,047
44	1,066
45	1,086
46	1,105
47	1,124
48	1,143
49	1,16
50	1,179
51	1,198
52	1,215
53	1,233
54	1,251
55	1,269
56	1,287
57	1,304
58	1,322
59	1,339
60	1,356
61	1,374
62	1,391
63	1,408
64	1,424
65	1,441
66	1,458
67	1,475
68	1,491
69	1,507
70	1,524
71	1,54
72	1,556
73	1,572
74	1,588
75	1,604
76	1,62
77	1,635
78	1,65
79	1,666
80	1,681
81	1,696
82	1,711
83	1,726
84	1,741
85	1,756
86	1,771
87	1,786
88	1,8
89	1,814
90	1,829
91	1,843
92	1,859
93	1,871
94	1,885
95	1,9
96	1,913
97	1,928
98	1,94
99	1,954
100	1,968
101	1,981
102	1,994
103	2,008
104	2,021
105	2,034
106	2,047
107	2,06
108	2,073
109	2,086
110	2,099
111	2,111
112	2,123
113	2,137
114	2,149
115	2,161
116	2,173
117	2,186
118	2,198
119	2,21
120	2,221
121	2,233
122	2,246
123	2,257
124	2,269
125	2,281
126	2,292
127	2,304
128	2,316
129	2,327
130	2,338
131	2,349
132	2,361
133	2,373
134	2,383
135	2,394
136	2,405
137	2,417
138	2,427
139	2,439
140	2,449
141	2,46
142	2,47
143	2,481
144	2,492
145	2,502
146	2,512
147	2,522
148	2,532
149	2,542
150	2,553
151	2,563
152	2,573
153	2,583
154	2,593
155	2,602
156	2,612
157	2,623
158	2,631
159	2,642
160	2,65
161	2,661
162	2,67
163	2,679
164	2,689
165	2,698
166	2,707
167	2,716
168	2,725
169	2,734
170	2,743
171	2,751
172	2,76
173	2,77
174	2,779
175	2,787
176	2,796
177	2,804
178	2,813
179	2,821
180	2,83
181	2,839
182	2,847
183	2,856
184	2,864
185	2,872
186	2,881
187	2,889
188	2,898
189	2,905
190	2,913
191	2,921
192	2,929
193	2,936
194	2,946
195	2,953
196	2,961
197	2,968
198	2,975
199	2,984
200	2,991
201	2,999
202	3,006
203	3,014
204	3,021
205	3,028
206	3,036
207	3,042
208	3,05
209	3,057
210	3,064
211	3,072
212	3,079
213	3,085
214	3,093
215	3,1
216	3,106
217	3,114
218	3,12
219	3,127
220	3,134
221	3,14
222	3,148
223	3,154
224	3,16
225	3,167
226	3,174
227	3,179
228	3,186
229	3,192
230	3,198
231	3,205
232	3,211
233	3,218
234	3,224
235	3,229
236	3,235
237	3,242
238	3,248
239	3,253
240	3,26
241	3,265
242	3,271
243	3,278
244	3,283
245	3,289
246	3,296
247	3,301
248	3,307
249	3,312
250	3,318
251	3,323
252	3,329
253	3,335
254	3,34
255	3,346
256	3,351
257	3,356
258	3,362
259	3,367
260	3,371
261	3,377
262	3,382
263	3,387
264	3,392
265	3,398
266	3,403
267	3,408
268	3,413
269	3,418
270	3,423
271	3,428
272	3,433
273	3,438
274	3,442
275	3,447
276	3,453
277	3,458
278	3,463
279	3,467
280	3,471
281	3,475
282	3,481
283	3,485
284	3,489
285	3,494
286	3,499
287	3,502
288	3,508
289	3,511
290	3,516
291	3,521
292	3,524
293	3,529
294	3,534
295	3,538
296	3,542
297	3,546
298	3,55
299	3,555
300	3,558
301	3,562
302	3,566
303	3,57
304	3,574
305	3,579
306	3,582
307	3,586
308	3,59
309	3,593
310	3,598
311	3,601
312	3,606
313	3,609
314	3,612
315	3,617
316	3,619
317	3,623
318	3,628
319	3,631
320	3,635
321	3,638
322	3,643
323	3,645
324	3,649
325	3,653
326	3,656
327	3,66
328	3,663
329	3,666
330	3,67
331	3,673
332	3,676
333	3,679
334	3,683
335	3,686
336	3,689
337	3,692
338	3,695
339	3,698
340	3,702
341	3,705
342	3,709
343	3,712
344	3,714
345	3,717
346	3,72
347	3,723
348	3,725
349	3,729
350	3,733
351	3,735
352	3,738
353	3,741
354	3,744
355	3,746
356	3,749
357	3,751
358	3,755
359	3,758
360	3,761
361	3,763
362	3,766
363	3,768
364	3,771
365	3,773
366	3,776
367	3,779
368	3,781
369	3,784
370	3,786
371	3,789
372	3,792
373	3,794
374	3,797
375	3,799
376	3,802
377	3,805
378	3,806
379	3,809
380	3,812
381	3,814
382	3,816
383	3,818
384	3,821
385	3,823
386	3,825
387	3,828
388	3,829
389	3,832
390	3,834
391	3,836
392	3,839
393	3,841
394	3,842
395	3,845
396	3,847
397	3,85
398	3,851
399	3,854
400	3,856
401	3,858
402	3,859
403	3,862
404	3,864
405	3,866
406	3,868
407	3,87
408	3,871
409	3,873
410	3,875
411	3,877
412	3,88
413	3,882
414	3,883
415	3,886
416	3,887
417	3,888
418	3,89
419	3,892
420	3,894
421	3,896
422	3,897
423	3,899
424	3,901
425	3,903
426	3,904
427	3,906
428	3,908
429	3,91
430	3,911
431	3,913
432	3,915
433	3,916
434	3,918
435	3,919
436	3,921
437	3,923
438	3,924
439	3,925
440	3,927
441	3,928
442	3,93
443	3,932
444	3,933
445	3,935
446	3,936
447	3,938
448	3,939
449	3,94
450	3,942
451	3,944
452	3,945
453	3,946
454	3,947
455	3,949
456	3,951
457	3,952
458	3,953
459	3,955
460	3,955
461	3,957
462	3,958
463	3,96
464	3,961
465	3,962
466	3,964
467	3,965
468	3,966
469	3,967
470	3,969
471	3,969
472	3,971
473	3,972
474	3,974
475	3,974
476	3,976
477	3,977
478	3,978
479	3,979
480	3,98
481	3,981
482	3,983
483	3,984
484	3,985
485	3,986
486	3,987
487	3,988
488	3,989
489	3,99
490	3,991
491	3,992
492	3,994
493	3,995
494	3,995
495	3,996
496	3,998
497	3,998
498	3,999
499	4
500	4,001
501	4,002
502	4,003
503	4,004
504	4,005
505	4,006
506	4,007
507	4,008
508	4,008
509	4,01
510	4,01
511	4,012
512	4,012
513	4,013
514	4,014
515	4,015
516	4,016
517	4,017
518	4,017
519	4,018
520	4,019
521	4,02
522	4,021
523	4,022
524	4,022
525	4,023
526	4,024
527	4,025
528	4,025
529	4,026
530	4,026
531	4,028
532	4,028
533	4,029
534	4,03
535	4,031
536	4,031
537	4,032
538	4,033
539	4,033
540	4,034
541	4,035
542	4,036
543	4,036
544	4,037
545	4,038
546	4,038
547	4,039
548	4,04
549	4,04
550	4,041
551	4,041
552	4,042
553	4,043
554	4,044
555	4,044
556	4,045
557	4,046
558	4,046
559	4,047
560	4,047
561	4,048
562	4,049
563	4,049
564	4,05
565	4,05
566	4,051
567	4,052
568	4,052
569	4,053
570	4,053
571	4,054
572	4,054
573	4,055
574	4,056
575	4,056
576	4,057
577	4,057
578	4,058
579	4,058
580	4,059
581	4,059
582	4,06
583	4,06
584	4,061
585	4,061
586	4,061
587	4,062
588	4,063
589	4,063
590	4,063
591	4,064
592	4,065
593	4,065
594	4,066
595	4,066
596	4,067
597	4,068
598	4,068
599	4,068
600	4,069
601	4,069
602	4,069
603	4,07
604	4,07
605	4,071
606	4,072
607	4,072
608	4,073
609	4,073
610	4,074
611	4,074
612	4,074
613	4,075
614	4,075
615	4,075
616	4,075
617	4,076
618	4,077
619	4,077
620	4,077
621	4,077
622	4,078
623	4,078
624	4,079
625	4,079
626	4,08
627	4,08
628	4,081
629	4,081
630	4,082
631	4,082
632	4,083
633	4,083
634	4,083
635	4,083
636	4,084
637	4,084
638	4,085
639	4,085
640	4,086
641	4,086
642	4,086
643	4,086
644	4,087
645	4,087
646	4,088
647	4,088
648	4,089
649	4,089
650	4,089
651	4,09
652	4,09
653	4,09
654	4,091
655	4,091
656	4,092
657	4,091
658	4,092
659	4,092
660	4,092
661	4,093
662	4,093
663	4,094
664	4,094
665	4,094
666	4,095
667	4,095
668	4,095
669	4,096
670	4,096
671	4,096
672	4,097
673	4,097
674	4,097
675	4,098
676	4,097
677	4,098
678	4,099
679	4,099
680	4,099
681	4,099
682	4,099
683	4,1
684	4,1
685	4,101
686	4,101
687	4,101
688	4,102
689	4,102
690	4,102
691	4,102
692	4,102
693	4,103
694	4,103
695	4,103
696	4,104
697	4,104
698	4,104
699	4,105
700	4,105
701	4,105
702	4,105
703	4,106
704	4,106
705	4,106
706	4,107
707	4,107
708	4,107
709	4,107
710	4,108
711	4,108
712	4,108
713	4,109
714	4,109
715	4,109
716	4,109
717	4,11
718	4,11
719	4,11
720	4,11
721	4,111
722	4,111
723	4,111
724	4,111
725	4,112
726	4,112
727	4,112
728	4,112
729	4,113
730	4,113
731	4,113
732	4,113
733	4,114
734	4,114
735	4,114
736	4,115
737	4,115
738	4,115
739	4,115
740	4,115
741	4,116
742	4,116
743	4,116
744	4,116
745	4,117
746	4,117
747	4,117
748	4,118
749	4,117
750	4,118
751	4,118
752	4,118
753	4,119
754	4,119
755	4,119
756	4,118
757	4,119
758	4,119
759	4,119
760	4,12
761	4,12
762	4,12
763	4,121
764	4,121
765	4,121
766	4,121
767	4,121
768	4,121
769	4,122
770	4,122
771	4,122
772	4,122
773	4,122
774	4,122
775	4,123
776	4,123
777	4,123
778	4,124
779	4,124
780	4,124
781	4,124
782	4,124
783	4,124
784	4,125
785	4,125
786	4,125
787	4,125
788	4,126
789	4,125
790	4,125
791	4,126
792	4,126
793	4,126
794	4,126
795	4,127
796	4,127
797	4,127
798	4,128
799	4,128
800	4,128
801	4,128
802	4,128
803	4,129
804	4,128
805	4,129
806	4,129
807	4,129
808	4,129
809	4,13
810	4,13
811	4,13
812	4,13
813	4,13
814	4,131
815	4,131
816	4,131
817	4,131
818	4,131
819	4,131
820	4,132
821	4,131
822	4,132
823	4,132
824	4,132
825	4,132
826	4,132
827	4,133
828	4,132
829	4,133
830	4,133
831	4,133
832	4,134
833	4,134
834	4,134
835	4,134
836	4,134
837	4,135
838	4,135
839	4,135
840	4,135
841	4,135
842	4,135
843	4,135
844	4,136
845	4,135
846	4,136
847	4,136
848	4,136
849	4,136
850	4,137
851	4,137
852	4,137
853	4,137
854	4,137
855	4,137
856	4,137
857	4,138
858	4,138
859	4,138
860	4,138
861	4,138
862	4,138
863	4,138
864	4,138
865	4,139
866	4,139
867	4,139
868	4,139
869	4,139
870	4,139
871	4,14
872	4,14
873	4,14
874	4,14
875	4,14
876	4,141
877	4,141
878	4,141
879	4,141
880	4,141
881	4,141
882	4,141
883	4,141
884	4,141
885	4,142
886	4,142
887	4,142
888	4,142
889	4,142
890	4,142
891	4,143
892	4,143
893	4,143
894	4,143
895	4,143
896	4,143
897	4,143
898	4,144
899	4,144
900	4,143
901	4,144
902	4,144
903	4,144
904	4,144
905	4,144
906	4,145
907	4,145
908	4,145
909	4,145
910	4,145
911	4,145
912	4,145
913	4,146
914	4,146
915	4,146
916	4,146
917	4,146
918	4,146
919	4,147
920	4,147
921	4,147
922	4,147
923	4,147
924	4,147
925	4,147
926	4,147
927	4,148
928	4,148
929	4,148
930	4,148
931	4,148
932	4,148
933	4,148
934	4,148
935	4,148
936	4,149
937	4,149
938	4,149
939	4,149
940	4,149
941	4,149
942	4,15
943	4,15
944	4,15
945	4,15
946	4,15
947	4,15
948	4,15
949	4,151
950	4,151
951	4,151
952	4,151
953	4,151
954	4,151
955	4,151
956	4,151
957	4,152
958	4,152
959	4,152
960	4,152
961	4,152
962	4,152
963	4,152
964	4,152
965	4,152
966	4,152
967	4,152
968	4,153
969	4,153
970	4,153
971	4,153
972	4,153
973	4,153
974	4,153
975	4,154
976	4,154
977	4,154
978	4,154
979	4,154
980	4,154
981	4,154
982	4,154
983	4,155
984	4,154
985	4,155
986	4,155
987	4,155
988	4,155
989	4,155
990	4,155
991	4,155
992	4,156
993	4,156
994	4,155
995	4,156
996	4,156
997	4,156
998	4,156
999	4,156
1000	4,156
1001	4,156
1002	4,156
1003	4,157
1004	4,157
1005	4,157
1006	4,157
1007	4,157
1008	4,157
1009	4,158
1010	4,157
1011	4,158
1012	4,158
1013	4,158
1014	4,158
1015	4,158
1016	4,157
1017	4,158
1018	4,158
1019	4,158
1020	4,158
1021	4,159
1022	4,159
1023	4,159
1024	4,159
1025	4,159
1026	4,159
1027	4,159
1028	4,159
1029	4,16
1030	4,16
1031	4,159
1032	4,16
1033	4,16
1034	4,159
1035	4,16
1036	4,16
1037	4,16
1038	4,16
1039	4,16
1040	4,161
1041	4,161
1042	4,161
1043	4,161
1044	4,161
1045	4,161
1046	4,161
1047	4,161
1048	4,162
1049	4,161
1050	4,161
1051	4,162
1052	4,162
1053	4,162
1054	4,162
1055	4,162
1056	4,162
1057	4,162
1058	4,162
1059	4,162
1060	4,163
1061	4,163
1062	4,163
1063	4,163
1064	4,163
1065	4,163
1066	4,163
1067	4,163
1068	4,163
1069	4,163
1070	4,164
1071	4,164
1072	4,164
1073	4,164
1074	4,164
1075	4,164
1076	4,164
1077	4,164
1078	4,164
1079	4,164
1080	4,165
1081	4,164
1082	4,165
1083	4,165
1084	4,165
1085	4,165
1086	4,165
1087	4,165
1088	4,165
1089	4,165
1090	4,165
1091	4,165
1092	4,166
1093	4,165
1094	4,165
1095	4,166
1096	4,166
1097	4,166
1098	4,166
1099	4,166
1100	4,166
1101	4,167
1102	4,166
1103	4,167
1104	4,167
1105	4,167
1106	4,167
1107	4,167
1108	4,167
1109	4,167
1110	4,167
1111	4,167
1112	4,168
1113	4,167
1114	4,167
1115	4,168
1116	4,168
1117	4,168
1118	4,168
1119	4,168
1120	4,168
1121	4,169
1122	4,168
1123	4,168
1124	4,168
1125	4,168
1126	4,168
1127	4,169
1128	4,169
1129	4,169
1130	4,169
1131	4,169
1132	4,169
1133	4,169
1134	4,169
1135	4,169
1136	4,169
1137	4,169
1138	4,169
1139	4,169
1140	4,17
1141	4,17
1142	4,17
1143	4,17
1144	4,17
1145	4,17
1146	4,17
1147	4,17
1148	4,171
1149	4,171
1150	4,171
1151	4,171
1152	4,171
1153	4,171
1154	4,171
1155	4,171
1156	4,171
1157	4,171
1158	4,171
1159	4,171
1160	4,171
1161	4,172
1162	4,171
1163	4,172
1164	4,172
1165	4,172
1166	4,172
1167	4,172
1168	4,172
1169	4,172
1170	4,172
1171	4,172
1172	4,173
1173	4,173
1174	4,173
1175	4,173
1176	4,173
1177	4,173
1178	4,173
1179	4,173
1180	4,173
1181	4,173
1182	4,174
1183	4,174
1184	4,174
1185	4,174
1186	4,174
1187	4,174
1188	4,174
1189	4,174
1190	4,174
1191	4,174
1192	4,174
1193	4,175
1194	4,175
1195	4,175
1196	4,175
1197	4,175
1198	4,175
1199	4,175
1200	4,175
1201	4,175
1202	4,175
1203	4,175
1204	4,176
1205	4,176
1206	4,175
1207	4,176
1208	4,176
1209	4,176
1210	4,176
1211	4,176
1212	4,176
1213	4,176
1214	4,176
1215	4,176
1216	4,176
1217	4,176
1218	4,177
1219	4,176
1220	4,177
1221	4,176
1222	4,176
1223	4,176
1224	4,176
1225	4,177
1226	4,177
1227	4,177
1228	4,177
1229	4,177
1230	4,178
1231	4,177
1232	4,178
1233	4,178
1234	4,178
1235	4,177
1236	4,178
1237	4,178
1238	4,178
1239	4,178
1240	4,178
1241	4,178
1242	4,178
1243	4,178
1244	4,178
1245	4,179
1246	4,179
1247	4,179
1248	4,178
1249	4,179
1250	4,179
1251	4,179
1252	4,175
1253	4,169
1254	4,145